[[ -0.2         -0.21915223   0.          -0.2       ]
 [ -0.209       -0.209       -0.218       -0.2       ]
 [ -0.2         -0.209       -0.209        0.        ]
 [  0.           0.           0.           0.        ]
 [  0.           0.           0.           0.        ]
 [  0.           0.           0.           0.        ]
 [ -0.2         -0.2         -0.40433586  -0.225605  ]
 [ -0.22781     -0.2         -0.369        0.        ]
 [ -0.218405     0.          -0.2          0.        ]
 [  0.           0.           0.           0.        ]
 [  0.           0.           0.           0.        ]
 [  0.           0.           0.           0.        ]
 [  0.          -0.2         -0.369        0.        ]
 [ -0.218        0.           0.           0.        ]
 [ -0.2          0.           0.           0.        ]
 [  0.           0.          -0.2          0.        ]
 [  0.           0.          -0.2          0.        ]
 [  0.           0.           0.           0.        ]
 [  0.           0.           0.         -20.        ]
 [  0.           0.           0.           0.        ]
 [  0.           0.           0.           0.        ]
 [  0.           0.           0.           0.        ]
 [  0.           0.           0.           0.        ]
 [  0.           0.           0.           0.        ]]